Special tile count 


Mountain Tiles: 71 tiles
0000
0005
0006
0017
0023
0307
0313
0314
0318
0319
0400
0410
0413
0416
0418
0505
0506
0507
0508
0517
0606
0617
0618
0622
0623
0705
0706
0818
0819
0903
0918
1003
1004
1008
1013
1308
1309
1314
1319
1322
1409
1410
1414
1417
1516
1517
1603
1604
1607
1615
1616
1704
1715
1720
1800
1803
1805
1806
1807
1816
1900
1903
1913
1917
2013
2209
2210
2300
2313
2314
2323

Rough Tiles: 17tiles
0018
0310
0406
0518
0704
0723
0919
1005
1009
1307
1318
1802
1817
1820
1909
2008
2023
